1.415000000000000025e-03
1.430999999999999980e-03
1.257000000000000088e-03
1.209999999999999921e-03
1.211999999999999970e-03
1.239000000000000084e-03
1.350999999999999987e-03
1.423999999999999919e-03
1.394000000000000057e-03
1.384999999999999946e-03
1.420999999999999954e-03
1.428000000000000016e-03
1.446000000000000020e-03
2.053000000000000137e-03
2.246000000000000166e-03
1.978000000000000157e-03
2.072000000000000057e-03
2.132000000000000214e-03
2.036000000000000049e-03
2.363000000000000083e-03
2.580999999999999961e-03
2.271000000000000015e-03
2.236999999999999839e-03
2.211999999999999991e-03
2.340000000000000066e-03
2.475000000000000203e-03
2.675999999999999993e-03
2.663000000000000003e-03
2.857999999999999863e-03
2.846000000000000005e-03
2.846000000000000005e-03
2.742000000000000080e-03
2.893999999999999871e-03
3.380999999999999891e-03
3.883999999999999866e-03
3.717999999999999951e-03
3.808999999999999886e-03
6.250999999999999612e-03
7.628000000000000232e-03
6.808999999999999948e-03
6.693000000000000164e-03
7.067000000000000365e-03
8.767999999999999752e-03
7.624999999999999833e-03
8.075999999999999845e-03
8.947999999999999357e-03
1.072900000000000069e-02
9.622999999999999610e-03
9.608999999999999486e-03
8.855999999999999289e-03
9.476999999999999313e-03
9.445999999999999536e-03
9.273999999999999258e-03
9.062999999999999876e-03
9.598000000000000628e-03
9.584000000000000505e-03
1.003599999999999978e-02
1.228300000000000052e-02
1.578799999999999995e-02
1.877300000000000149e-02
1.766399999999999915e-02
1.556899999999999951e-02
1.355999999999999914e-02
1.315299999999999976e-02
1.333900000000000016e-02
1.365300000000000021e-02
1.318700000000000080e-02
1.177899999999999954e-02
9.863000000000000239e-03
7.740999999999999617e-03
8.732999999999999444e-03
8.434999999999999790e-03
8.649000000000000438e-03
8.437999999999999320e-03
7.605999999999999914e-03
7.048999999999999710e-03
7.217000000000000325e-03
7.762999999999999935e-03
7.981999999999999512e-03
7.544999999999999624e-03
7.681000000000000327e-03
7.522000000000000040e-03
6.991999999999999951e-03
6.218999999999999702e-03
6.089999999999999927e-03
5.022999999999999687e-03
5.494999999999999885e-03
5.316999999999999678e-03
4.470000000000000015e-03
4.420999999999999583e-03
4.799999999999999580e-03
4.871999999999999595e-03
5.010999999999999829e-03
5.440999999999999656e-03
5.183000000000000107e-03
5.507999999999999875e-03
5.677999999999999887e-03
6.786000000000000365e-03
7.948000000000000204e-03
7.485000000000000334e-03
7.322000000000000383e-03
7.144000000000000176e-03
6.937999999999999723e-03
8.288000000000000228e-03
7.391000000000000000e-03
6.869000000000000106e-03
6.949000000000000316e-03
6.897999999999999618e-03
6.411000000000000032e-03
6.498999999999999569e-03
6.573999999999999982e-03
6.451000000000000137e-03
6.320000000000000097e-03
6.231999999999999693e-03
5.755999999999999832e-03
5.501999999999999946e-03
5.534999999999999989e-03
5.135999999999999940e-03
4.703999999999999848e-03
4.418000000000000052e-03
4.146000000000000379e-03
4.379000000000000080e-03
4.320000000000000055e-03
4.272999999999999889e-03
4.233999999999999916e-03
4.017999999999999870e-03
3.618999999999999821e-03
3.654999999999999829e-03
3.550000000000000204e-03
3.279999999999999930e-03
3.504000000000000170e-03
3.726999999999999844e-03
3.833000000000000036e-03
3.726000000000000145e-03
3.559999999999999797e-03
3.726999999999999844e-03
3.576000000000000185e-03
3.540999999999999877e-03
3.282999999999999894e-03
3.243999999999999922e-03
3.177000000000000136e-03
2.890000000000000208e-03
2.896999999999999836e-03
2.869000000000000022e-03
2.814000000000000095e-03
2.993000000000000001e-03
3.005999999999999991e-03
2.791000000000000078e-03
2.736999999999999850e-03
2.864999999999999925e-03
2.906999999999999862e-03
2.929000000000000180e-03
3.073000000000000211e-03
3.498999999999999940e-03
3.798000000000000161e-03
4.294000000000000074e-03
4.218000000000000395e-03
4.614000000000000046e-03
4.919999999999999894e-03
4.869000000000000064e-03
5.467999999999999770e-03
5.824000000000000184e-03
5.957999999999999755e-03
5.886999999999999872e-03
5.773000000000000353e-03
5.707000000000000267e-03
5.908000000000000057e-03
5.918999999999999782e-03
5.675999999999999622e-03
5.739000000000000178e-03
5.622000000000000261e-03
5.557999999999999573e-03
5.533999999999999857e-03
5.271999999999999777e-03
5.414999999999999675e-03
5.649000000000000375e-03
5.555000000000000042e-03
5.347000000000000190e-03
5.258999999999999786e-03
5.016999999999999758e-03
5.355999999999999650e-03
5.323999999999999740e-03
5.296000000000000360e-03
5.035999999999999678e-03
4.668000000000000274e-03
4.622000000000000240e-03
4.558999999999999685e-03
4.787999999999999722e-03
4.550000000000000225e-03
4.479999999999999608e-03
4.376999999999999814e-03
4.427999999999999645e-03
4.475999999999999944e-03
4.419000000000000185e-03
4.281000000000000083e-03
4.274000000000000021e-03
3.713000000000000154e-03
3.606999999999999963e-03
3.569000000000000124e-03
3.480000000000000020e-03
3.446999999999999977e-03
3.445999999999999844e-03
3.506000000000000002e-03
3.513000000000000064e-03
3.468999999999999861e-03
3.583999999999999946e-03
3.749999999999999861e-03
3.759999999999999887e-03
3.722000000000000048e-03
3.799999999999999992e-03
3.836000000000000000e-03
3.784000000000000037e-03
3.710999999999999889e-03
3.595000000000000105e-03
3.246999999999999886e-03
3.272999999999999868e-03
3.115000000000000147e-03
3.016000000000000018e-03
2.981999999999999842e-03
2.955999999999999860e-03
2.945000000000000135e-03
3.079999999999999839e-03
3.073999999999999910e-03
3.046999999999999795e-03
3.030999999999999840e-03
3.004000000000000160e-03
2.713999999999999833e-03
2.710999999999999868e-03
2.576000000000000165e-03
2.576999999999999864e-03
2.507999999999999813e-03
2.504000000000000149e-03
2.491999999999999858e-03
2.540999999999999856e-03
2.553999999999999847e-03
2.720999999999999894e-03
2.763999999999999964e-03
2.723999999999999859e-03
2.694999999999999913e-03
2.618999999999999800e-03
2.645999999999999915e-03
2.671000000000000197e-03
2.648999999999999879e-03
2.622999999999999898e-03
2.475000000000000203e-03
2.425000000000000072e-03
2.356000000000000021e-03
2.383999999999999835e-03
2.415000000000000046e-03
2.869000000000000022e-03
3.261000000000000010e-03
4.314000000000000126e-03
3.950000000000000386e-03
3.836000000000000000e-03
3.530999999999999851e-03
3.582000000000000114e-03
3.638000000000000175e-03
3.667999999999999820e-03
3.660000000000000059e-03
3.644999999999999803e-03
3.461000000000000101e-03
3.469999999999999994e-03
3.477000000000000056e-03
3.351999999999999945e-03
3.324999999999999831e-03
3.160000000000000048e-03
3.163000000000000013e-03
2.968999999999999851e-03
2.965000000000000187e-03
2.915000000000000056e-03
2.909000000000000127e-03
2.827000000000000086e-03
2.668999999999999932e-03
2.592999999999999819e-03
2.609000000000000208e-03
2.459999999999999947e-03
2.439999999999999895e-03
2.451000000000000054e-03
2.324999999999999810e-03
2.412000000000000081e-03
2.370000000000000145e-03
2.478000000000000168e-03
2.498999999999999919e-03
2.472999999999999938e-03
2.484999999999999796e-03
2.431000000000000001e-03
2.517000000000000140e-03
2.396999999999999825e-03
2.435999999999999797e-03
2.439000000000000196e-03
2.413000000000000214e-03
2.468000000000000142e-03
2.618999999999999800e-03
2.619999999999999933e-03
3.269000000000000204e-03
4.849000000000000012e-03
6.753000000000000322e-03
6.553999999999999930e-03
5.550000000000000246e-03
5.322999999999999607e-03
5.394000000000000357e-03
5.092000000000000172e-03
5.441999999999999789e-03
5.858000000000000360e-03
5.843000000000000103e-03
6.932999999999999927e-03
6.930999999999999661e-03
6.457000000000000066e-03
6.609000000000000291e-03
6.657999999999999856e-03
6.267000000000000001e-03
6.531000000000000347e-03
6.546999999999999868e-03
6.279999999999999992e-03
6.030999999999999903e-03
5.899999999999999863e-03
5.961000000000000153e-03
5.817000000000000122e-03
5.906999999999999924e-03
6.067000000000000344e-03
5.793999999999999671e-03
5.753000000000000301e-03
5.910000000000000323e-03
5.964999999999999816e-03
5.897999999999999597e-03
5.910000000000000323e-03
6.023999999999999841e-03
5.963999999999999684e-03
5.825999999999999582e-03
5.767000000000000424e-03
5.743999999999999974e-03
5.769999999999999955e-03
5.575000000000000094e-03
5.651999999999999906e-03
5.638999999999999915e-03
5.648000000000000242e-03
5.546999999999999847e-03
5.283000000000000369e-03
5.271999999999999777e-03
5.223000000000000212e-03
5.457000000000000045e-03
5.222000000000000079e-03
5.024999999999999953e-03
4.728999999999999697e-03
4.565999999999999746e-03
4.558000000000000419e-03
4.602000000000000188e-03
4.534999999999999969e-03
4.401000000000000398e-03
4.163000000000000034e-03
3.921000000000000006e-03
3.983999999999999694e-03
4.256000000000000234e-03
4.187999999999999882e-03
4.063999999999999904e-03
3.908000000000000015e-03
3.873000000000000140e-03
3.950999999999999651e-03
3.810000000000000019e-03
3.785999999999999869e-03
3.788000000000000134e-03
3.743999999999999932e-03
3.732000000000000074e-03
3.719000000000000083e-03
3.660000000000000059e-03
3.373000000000000130e-03
3.347000000000000149e-03
3.285999999999999859e-03
3.173000000000000039e-03
3.086999999999999900e-03
2.954000000000000029e-03
2.815999999999999927e-03
2.818999999999999891e-03
2.771000000000000026e-03
2.645000000000000216e-03
2.716999999999999797e-03
2.436999999999999930e-03
2.504999999999999848e-03
2.481000000000000132e-03
2.419000000000000143e-03
2.390000000000000197e-03
2.262000000000000122e-03
2.253999999999999927e-03
2.105999999999999799e-03
2.301999999999999793e-03
2.276999999999999944e-03
2.255000000000000060e-03
2.279000000000000210e-03
2.271000000000000015e-03
2.386000000000000100e-03
2.379000000000000038e-03
2.258000000000000024e-03
2.226999999999999813e-03
2.138999999999999842e-03
2.157000000000000063e-03
2.144000000000000072e-03
2.118999999999999790e-03
2.101000000000000003e-03
2.137000000000000011e-03
2.118999999999999790e-03
2.085000000000000048e-03
2.121000000000000055e-03
2.145000000000000205e-03
2.716000000000000098e-03
2.690000000000000117e-03
2.771000000000000026e-03
2.778999999999999786e-03
2.745000000000000044e-03
2.560999999999999908e-03
2.589000000000000155e-03
2.638000000000000154e-03
2.554999999999999979e-03
2.495999999999999955e-03
2.485999999999999929e-03
2.446999999999999956e-03
2.445999999999999824e-03
2.402000000000000055e-03
2.394999999999999993e-03
2.392000000000000029e-03
2.458000000000000115e-03
2.413999999999999913e-03
2.396999999999999825e-03
2.350000000000000092e-03
2.370999999999999844e-03
2.334999999999999836e-03
2.321000000000000146e-03
2.307000000000000023e-03
2.295000000000000165e-03
2.148999999999999869e-03
2.158000000000000196e-03
2.171000000000000187e-03
2.197999999999999867e-03
2.187999999999999841e-03
2.141000000000000108e-03
2.147000000000000037e-03
2.116999999999999958e-03
2.160000000000000028e-03
2.152999999999999966e-03
2.122000000000000188e-03
2.112000000000000162e-03
2.067999999999999960e-03
2.073000000000000190e-03
2.183000000000000045e-03
2.151999999999999833e-03
2.096000000000000207e-03
2.027999999999999855e-03
1.969999999999999963e-03
1.969999999999999963e-03
1.987000000000000051e-03
1.928000000000000026e-03
1.955999999999999839e-03
1.956999999999999972e-03
1.931999999999999907e-03
1.912999999999999987e-03
1.902000000000000045e-03
1.889999999999999970e-03
1.956999999999999972e-03
1.995999999999999944e-03
1.953000000000000092e-03
1.946000000000000030e-03
1.910999999999999938e-03
1.910000000000000022e-03
1.909000000000000107e-03
1.915000000000000036e-03
1.928999999999999942e-03
1.992999999999999980e-03
2.124000000000000020e-03
2.138999999999999842e-03
2.080999999999999951e-03
2.077999999999999986e-03
2.070999999999999924e-03
2.111000000000000029e-03
2.125000000000000153e-03
2.044999999999999943e-03
2.050000000000000173e-03
2.033000000000000085e-03
2.024000000000000191e-03
2.020000000000000094e-03
2.013000000000000032e-03
2.024000000000000191e-03
2.011000000000000201e-03
2.003000000000000006e-03
1.991999999999999847e-03
2.014999999999999864e-03
1.998000000000000210e-03
2.014999999999999864e-03
2.004000000000000139e-03
2.005999999999999971e-03
2.030000000000000120e-03
2.053000000000000137e-03
2.043999999999999810e-03
2.057999999999999934e-03
2.099000000000000171e-03
2.089999999999999844e-03
2.093999999999999941e-03
2.105999999999999799e-03
2.092000000000000109e-03
2.073999999999999889e-03
2.073999999999999889e-03
2.079999999999999818e-03
2.079999999999999818e-03
2.066000000000000128e-03
2.060999999999999898e-03
2.089000000000000145e-03
2.092000000000000109e-03
2.102000000000000136e-03
2.165999999999999957e-03
2.099999999999999870e-03
2.531999999999999963e-03
2.863000000000000093e-03
3.655999999999999962e-03
4.095999999999999815e-03
3.755000000000000091e-03
3.593999999999999972e-03
3.517000000000000161e-03
3.436999999999999951e-03
3.069999999999999812e-03
3.079999999999999839e-03
3.030999999999999840e-03
2.873000000000000120e-03
2.906000000000000163e-03
2.903000000000000198e-03
2.922999999999999817e-03
2.856000000000000032e-03
2.860999999999999828e-03
2.958000000000000126e-03
2.948000000000000100e-03
2.903000000000000198e-03
2.906000000000000163e-03
2.824000000000000121e-03
2.856000000000000032e-03
2.778999999999999786e-03
2.619999999999999933e-03
2.526000000000000034e-03
2.544999999999999953e-03
2.563000000000000174e-03
2.550999999999999882e-03
2.518999999999999972e-03
2.550999999999999882e-03
2.655999999999999941e-03
2.752999999999999805e-03
2.782999999999999884e-03
2.709000000000000036e-03
2.661000000000000171e-03
2.631999999999999791e-03
2.572000000000000067e-03
2.553999999999999847e-03
2.559000000000000077e-03
2.798999999999999839e-03
2.820000000000000024e-03
2.822999999999999989e-03
3.199000000000000021e-03
3.317000000000000070e-03
3.520999999999999824e-03
3.186000000000000030e-03
3.053999999999999857e-03
3.194999999999999923e-03
3.186000000000000030e-03
3.112000000000000183e-03
3.090999999999999998e-03
2.980000000000000010e-03
3.021999999999999947e-03
3.010999999999999788e-03
3.115000000000000147e-03
3.207000000000000215e-03
3.167999999999999809e-03
3.151000000000000155e-03
3.599999999999999901e-03
3.442999999999999880e-03
3.520000000000000125e-03
3.448000000000000110e-03
3.409999999999999837e-03
3.213000000000000144e-03
3.098000000000000059e-03
3.124000000000000041e-03
3.194999999999999923e-03
3.190999999999999826e-03
3.217999999999999940e-03
3.135000000000000200e-03
3.142999999999999960e-03
3.093999999999999962e-03
3.167999999999999809e-03
3.141999999999999828e-03
3.203999999999999817e-03
3.335999999999999990e-03
3.225000000000000002e-03
3.199000000000000021e-03
3.154000000000000119e-03
3.203999999999999817e-03
3.250999999999999984e-03
3.354000000000000210e-03
3.495999999999999976e-03
3.431000000000000022e-03
3.395000000000000014e-03
3.449999999999999942e-03
3.494999999999999843e-03
3.523000000000000090e-03
3.485999999999999949e-03
3.445999999999999844e-03
3.324999999999999831e-03
3.360000000000000139e-03
3.335999999999999990e-03
3.357000000000000175e-03
4.471000000000000148e-03
3.968000000000000173e-03
3.657999999999999793e-03
3.644000000000000104e-03
3.615000000000000158e-03
3.599999999999999901e-03
3.425999999999999792e-03
3.367999999999999900e-03
3.350999999999999812e-03
3.259000000000000178e-03
3.132999999999999934e-03
3.125000000000000173e-03
3.177000000000000136e-03
3.144999999999999792e-03
3.135000000000000200e-03
3.187000000000000163e-03
3.165999999999999977e-03
3.099999999999999891e-03
3.003000000000000027e-03
2.916999999999999888e-03
3.017999999999999849e-03
2.948999999999999799e-03
3.030000000000000141e-03
2.886999999999999809e-03
2.896999999999999836e-03
2.887999999999999942e-03
2.907999999999999995e-03
2.958999999999999825e-03
2.975000000000000214e-03
2.959999999999999958e-03
2.984000000000000107e-03
3.161999999999999880e-03
3.315999999999999937e-03
3.050000000000000194e-03
3.011999999999999920e-03
2.932999999999999843e-03
2.929000000000000180e-03
2.902000000000000066e-03
2.900999999999999933e-03
2.890000000000000208e-03
2.830000000000000050e-03
2.752999999999999805e-03
2.713999999999999833e-03
2.690000000000000117e-03
2.729999999999999788e-03
2.827000000000000086e-03
2.807000000000000033e-03
2.769999999999999893e-03
2.730999999999999921e-03
2.899000000000000101e-03
2.724999999999999992e-03
2.887999999999999942e-03
2.828999999999999918e-03
2.788000000000000114e-03
2.632999999999999924e-03
2.524000000000000202e-03
2.487000000000000061e-03
2.528999999999999998e-03
2.533000000000000095e-03
2.615999999999999836e-03
2.723999999999999859e-03
2.694999999999999913e-03
2.691999999999999948e-03
2.639999999999999986e-03
2.569000000000000103e-03
2.560000000000000209e-03
2.510000000000000078e-03
2.488999999999999893e-03
2.451000000000000054e-03
2.445999999999999824e-03
2.432000000000000134e-03
2.451000000000000054e-03
2.485999999999999929e-03
2.491000000000000159e-03
2.615000000000000137e-03
2.993000000000000001e-03
2.733999999999999885e-03
2.716000000000000098e-03
2.671999999999999896e-03
2.609000000000000208e-03
2.599999999999999881e-03
2.501999999999999884e-03
2.243000000000000202e-03
2.229000000000000078e-03
2.227999999999999946e-03
2.247999999999999998e-03
2.335999999999999969e-03
2.416000000000000179e-03
2.497000000000000088e-03
2.410999999999999949e-03
2.364999999999999915e-03
2.363000000000000083e-03
2.377000000000000206e-03
2.361999999999999950e-03
2.407999999999999984e-03
2.418000000000000010e-03
2.402000000000000055e-03
2.399999999999999790e-03
2.383000000000000135e-03
2.383000000000000135e-03
2.618000000000000101e-03
2.635999999999999888e-03
2.565000000000000006e-03
2.618999999999999800e-03
2.932000000000000144e-03
2.863000000000000093e-03
2.795000000000000175e-03
2.775000000000000123e-03
2.812999999999999962e-03
2.775999999999999822e-03
2.586999999999999890e-03
2.553000000000000148e-03
2.713999999999999833e-03
2.857999999999999863e-03
2.746999999999999876e-03
2.722000000000000027e-03
2.727999999999999956e-03
2.681999999999999922e-03
2.674999999999999861e-03
2.638999999999999853e-03
2.651000000000000145e-03
2.674000000000000161e-03
2.645000000000000216e-03
2.651000000000000145e-03
2.650000000000000012e-03
2.733999999999999885e-03
2.730999999999999921e-03
2.742000000000000080e-03
2.785000000000000149e-03
2.779999999999999919e-03
2.735000000000000018e-03
2.724999999999999992e-03
2.697999999999999877e-03
2.688999999999999984e-03
2.674999999999999861e-03
2.717999999999999930e-03
2.714999999999999965e-03
2.608000000000000075e-03
2.697999999999999877e-03
2.566000000000000138e-03
2.518999999999999972e-03
2.507000000000000114e-03
2.510000000000000078e-03
2.369000000000000012e-03
2.341999999999999898e-03
2.357999999999999853e-03
2.380000000000000171e-03
2.458000000000000115e-03
2.474000000000000071e-03
2.393999999999999861e-03
2.311999999999999819e-03
2.256000000000000193e-03
2.240999999999999936e-03
2.305000000000000191e-03
2.279999999999999909e-03
2.247999999999999998e-03
2.341000000000000199e-03
2.250999999999999963e-03
2.222000000000000017e-03
2.239999999999999804e-03
2.197999999999999867e-03
2.207999999999999893e-03
2.203999999999999796e-03
2.171000000000000187e-03
2.184000000000000177e-03
2.151999999999999833e-03
2.191999999999999938e-03
2.199000000000000000e-03
2.141000000000000108e-03
2.088000000000000012e-03
2.119999999999999923e-03
2.137000000000000011e-03
2.113999999999999994e-03
2.098000000000000038e-03
2.098000000000000038e-03
2.075000000000000022e-03
2.089999999999999844e-03
2.113999999999999994e-03
2.076999999999999853e-03
2.056000000000000102e-03
2.052000000000000005e-03
2.109999999999999896e-03
2.177000000000000116e-03
2.490000000000000026e-03
2.491000000000000159e-03
2.563999999999999873e-03
2.497000000000000088e-03
2.465000000000000177e-03
2.314000000000000085e-03
2.360999999999999818e-03
2.373000000000000109e-03
2.413000000000000214e-03
2.406999999999999851e-03
2.514000000000000175e-03
2.540999999999999856e-03
2.423999999999999939e-03
2.516000000000000007e-03
2.537999999999999892e-03
2.569999999999999802e-03
2.422999999999999807e-03
2.403000000000000188e-03
2.399000000000000091e-03
2.357999999999999853e-03
2.292999999999999899e-03
2.275999999999999811e-03
2.307000000000000023e-03
2.413000000000000214e-03
2.449999999999999921e-03
2.471000000000000106e-03
2.445999999999999824e-03
2.458000000000000115e-03
2.431000000000000001e-03
2.505999999999999981e-03
2.517000000000000140e-03
2.503000000000000017e-03
2.629999999999999959e-03
2.677000000000000126e-03
2.769999999999999893e-03
3.209000000000000047e-03
3.530999999999999851e-03
3.302999999999999946e-03
3.085000000000000069e-03
3.173000000000000039e-03
3.216000000000000109e-03
3.147000000000000058e-03
3.180999999999999800e-03
2.965000000000000187e-03
2.772000000000000158e-03
2.846000000000000005e-03
2.873999999999999819e-03
2.673000000000000029e-03
2.703000000000000107e-03
2.654999999999999808e-03
2.681999999999999922e-03
2.687000000000000152e-03
2.590999999999999987e-03
2.487000000000000061e-03
2.403000000000000188e-03
2.373000000000000109e-03
2.320000000000000014e-03
2.296999999999999997e-03
2.370000000000000145e-03
2.524999999999999901e-03
2.507999999999999813e-03
2.530999999999999830e-03
2.517000000000000140e-03
2.513000000000000043e-03
2.407999999999999984e-03
2.236000000000000140e-03
2.262999999999999821e-03
2.227999999999999946e-03
2.187999999999999841e-03
1.799000000000000035e-03
1.783999999999999996e-03
1.819000000000000087e-03
1.698999999999999989e-03
1.677000000000000105e-03
1.611999999999999935e-03
1.843999999999999936e-03
1.930999999999999991e-03
1.850999999999999998e-03
1.868000000000000086e-03
1.817000000000000039e-03
1.912000000000000071e-03
1.889999999999999970e-03
1.871999999999999966e-03
1.868000000000000086e-03
1.807999999999999928e-03
1.804999999999999964e-03
1.868000000000000086e-03
1.850999999999999998e-03
1.866999999999999953e-03
1.940000000000000101e-03
1.915999999999999951e-03
1.910000000000000022e-03
1.909000000000000107e-03
1.982999999999999954e-03
2.030000000000000120e-03
2.043999999999999810e-03
2.033000000000000085e-03
2.023000000000000059e-03
2.004000000000000139e-03
2.008999999999999935e-03
1.990000000000000015e-03
1.979999999999999989e-03
1.975000000000000193e-03
2.028999999999999988e-03
2.028999999999999988e-03
2.062000000000000031e-03
2.073000000000000190e-03
2.066000000000000128e-03
2.031999999999999952e-03
2.033000000000000085e-03
2.122999999999999887e-03
2.121000000000000055e-03
2.145999999999999904e-03
2.443999999999999992e-03
2.413999999999999913e-03
2.371999999999999977e-03
2.541999999999999989e-03
2.688999999999999984e-03
2.559000000000000077e-03
2.553000000000000148e-03
2.582999999999999793e-03
2.518999999999999972e-03
2.520999999999999804e-03
2.582999999999999793e-03
2.677999999999999825e-03
2.671999999999999896e-03
2.634000000000000057e-03
2.612999999999999871e-03
2.511999999999999910e-03
2.513000000000000043e-03
2.527999999999999865e-03
2.622999999999999898e-03
2.576999999999999864e-03
2.533999999999999794e-03
2.577999999999999996e-03
2.586999999999999890e-03
2.565000000000000006e-03
2.563000000000000174e-03
2.549000000000000050e-03
2.543000000000000121e-03
2.565000000000000006e-03
2.560999999999999908e-03
2.546000000000000086e-03
2.541999999999999989e-03
2.528999999999999998e-03
2.559000000000000077e-03
2.549000000000000050e-03
2.625999999999999862e-03
2.616999999999999969e-03
2.661999999999999870e-03
2.654999999999999808e-03
2.598000000000000049e-03
2.668999999999999932e-03
2.634000000000000057e-03
2.605999999999999810e-03
2.609000000000000208e-03
2.606999999999999942e-03
2.586999999999999890e-03
2.595000000000000084e-03
2.602000000000000146e-03
2.533000000000000095e-03
2.540999999999999856e-03
2.553999999999999847e-03
2.516000000000000007e-03
2.530000000000000131e-03
2.491999999999999858e-03
2.492999999999999990e-03
2.471999999999999805e-03
2.465999999999999876e-03
2.478000000000000168e-03
2.494999999999999822e-03
2.491999999999999858e-03
2.497000000000000088e-03
2.432999999999999833e-03
2.426999999999999904e-03
2.379000000000000038e-03
2.360999999999999818e-03
2.341000000000000199e-03
2.340000000000000066e-03
2.376000000000000074e-03
2.382000000000000003e-03
2.366000000000000048e-03
2.340000000000000066e-03
2.327000000000000075e-03
2.624000000000000030e-03
3.259000000000000178e-03
5.420000000000000338e-03
5.014000000000000228e-03
4.394000000000000336e-03
3.919999999999999873e-03
3.844000000000000195e-03
3.635999999999999909e-03
3.369000000000000033e-03
3.302999999999999946e-03
3.098000000000000059e-03
3.083999999999999936e-03
3.628999999999999847e-03
3.752999999999999826e-03
3.432999999999999854e-03
3.308999999999999875e-03
3.304000000000000079e-03
3.321000000000000167e-03
3.322999999999999999e-03
3.295000000000000186e-03
3.269999999999999903e-03
3.242999999999999789e-03
3.219000000000000073e-03
3.262000000000000142e-03
3.243999999999999922e-03
3.239999999999999825e-03
3.797000000000000028e-03
3.736000000000000171e-03
3.441000000000000048e-03
3.560999999999999929e-03
3.576999999999999885e-03
3.635999999999999909e-03
3.611000000000000060e-03
3.536000000000000081e-03
3.533000000000000116e-03
3.556999999999999832e-03
3.570999999999999956e-03
3.533999999999999815e-03
3.549000000000000071e-03
3.579000000000000150e-03
3.606999999999999963e-03
3.552000000000000036e-03
3.717999999999999951e-03
3.709000000000000057e-03
3.537999999999999912e-03
3.498999999999999940e-03
3.553999999999999868e-03
3.446999999999999977e-03
3.452999999999999906e-03
3.465000000000000198e-03
3.433999999999999986e-03
3.344999999999999883e-03
3.314000000000000105e-03
3.271000000000000036e-03
3.301000000000000115e-03
3.344000000000000184e-03
3.308000000000000176e-03
3.281000000000000062e-03
3.265999999999999806e-03
3.134000000000000067e-03
2.958000000000000126e-03
2.933999999999999976e-03
2.814000000000000095e-03
2.831999999999999882e-03
2.834000000000000147e-03
2.807000000000000033e-03
2.858999999999999996e-03
2.824999999999999820e-03
2.831000000000000183e-03
2.824000000000000121e-03
2.843000000000000041e-03
2.877999999999999916e-03
2.858999999999999996e-03
2.858999999999999996e-03
2.824999999999999820e-03
2.814000000000000095e-03
2.805999999999999901e-03
2.801999999999999803e-03
2.671999999999999896e-03
2.651000000000000145e-03
2.650000000000000012e-03
2.720999999999999894e-03
2.752999999999999805e-03
2.733999999999999885e-03
2.739999999999999814e-03
2.710000000000000169e-03
2.684999999999999887e-03
2.681999999999999922e-03
2.628000000000000128e-03
2.639999999999999986e-03
2.681999999999999922e-03
2.661999999999999870e-03
2.628000000000000128e-03
2.612000000000000172e-03
2.631000000000000092e-03
2.667000000000000100e-03
2.716000000000000098e-03
2.706000000000000072e-03
2.707999999999999904e-03
2.677000000000000126e-03
2.652999999999999976e-03
2.651000000000000145e-03
2.615999999999999836e-03
2.612000000000000172e-03
2.601000000000000013e-03
2.618999999999999800e-03
2.622999999999999898e-03
2.657000000000000074e-03
2.688999999999999984e-03
2.690999999999999816e-03
2.652999999999999976e-03
2.675999999999999993e-03
2.893000000000000172e-03
2.707999999999999904e-03
2.697000000000000178e-03
2.622999999999999898e-03
2.606999999999999942e-03
2.602999999999999845e-03
2.589999999999999854e-03
2.592000000000000120e-03
2.530000000000000131e-03
2.557999999999999944e-03
2.638999999999999853e-03
2.801000000000000104e-03
2.818999999999999891e-03
2.742000000000000080e-03
2.785999999999999848e-03
2.850999999999999802e-03
2.837000000000000112e-03
2.791000000000000078e-03
2.835999999999999979e-03
2.821000000000000157e-03
2.812999999999999962e-03
3.008999999999999956e-03
2.975999999999999913e-03
2.998999999999999930e-03
2.959999999999999958e-03
3.010999999999999788e-03
3.549000000000000071e-03
3.660000000000000059e-03
3.648000000000000201e-03
4.204000000000000271e-03
4.256000000000000234e-03
3.792999999999999931e-03
3.354999999999999909e-03
3.469999999999999994e-03
3.530000000000000152e-03
3.579999999999999849e-03
3.572000000000000088e-03
3.435999999999999818e-03
3.500000000000000073e-03
3.446999999999999977e-03
3.413999999999999934e-03
3.442000000000000181e-03
3.399999999999999811e-03
3.360999999999999838e-03
3.181999999999999933e-03
3.164999999999999845e-03
3.109999999999999917e-03
3.184000000000000198e-03
3.274000000000000000e-03
3.278999999999999797e-03
3.249999999999999851e-03
3.422000000000000128e-03
4.113000000000000336e-03
3.969999999999999571e-03
4.017999999999999870e-03
4.677999999999999867e-03
5.406000000000000215e-03
4.843000000000000083e-03
4.734999999999999626e-03
4.577000000000000339e-03
4.612999999999999913e-03
4.640000000000000027e-03
4.805000000000000243e-03
4.715999999999999706e-03
4.608000000000000117e-03
4.702999999999999715e-03
4.742999999999999820e-03
5.684999999999999949e-03
1.369800000000000011e-02
1.386700000000000085e-02
1.142100000000000060e-02
1.021900000000000065e-02
1.085400000000000080e-02
1.053199999999999970e-02
1.028500000000000074e-02
1.073999999999999955e-02
1.086699999999999992e-02
9.858000000000000443e-03
9.145000000000000351e-03
8.645999999999999172e-03
1.003000000000000072e-02
9.795999999999999153e-03
9.530999999999999542e-03
9.367000000000000326e-03
9.294999999999999443e-03
9.613000000000000017e-03
9.152999999999999678e-03
9.088999999999999857e-03
8.769000000000000752e-03
8.807999999999999857e-03
8.951000000000000623e-03
8.878999999999999740e-03
8.455999999999999975e-03
8.259000000000000716e-03
3.417699999999999905e-02
7.797300000000000064e-02
4.990100000000000091e-02
4.528900000000000287e-02
4.324999999999999678e-02
3.492599999999999871e-02
3.910500000000000087e-02
5.786899999999999683e-02
5.374000000000000304e-02
5.830799999999999872e-02
8.435700000000000143e-02
8.494500000000000661e-02
8.312799999999999356e-02
8.109099999999999642e-02
7.430100000000000593e-02
7.260999999999999399e-02
7.164600000000000135e-02
6.644799999999999318e-02
6.392399999999999471e-02
5.966799999999999882e-02
5.498299999999999715e-02
6.179899999999999977e-02
5.949700000000000127e-02
6.028599999999999931e-02
5.842800000000000077e-02
6.046599999999999892e-02
5.376800000000000329e-02
5.987300000000000261e-02
5.780799999999999828e-02
5.247199999999999781e-02
5.192000000000000087e-02
5.013399999999999801e-02
5.147899999999999698e-02
5.238199999999999801e-02
5.212599999999999872e-02
5.108700000000000047e-02
5.085400000000000337e-02
5.239699999999999913e-02
5.214099999999999985e-02
6.194899999999999712e-02
6.226799999999999696e-02
5.861600000000000144e-02
5.669799999999999840e-02
5.698000000000000287e-02
6.243200000000000138e-02
6.305199999999999694e-02
5.968899999999999900e-02
5.892100000000000115e-02
5.886600000000000166e-02
5.882799999999999835e-02
5.972100000000000325e-02
6.063899999999999846e-02
5.952099999999999752e-02
5.773199999999999860e-02
5.608099999999999891e-02
5.649400000000000255e-02
5.240700000000000219e-02
5.402799999999999964e-02
5.543499999999999817e-02
5.475200000000000206e-02
5.465099999999999819e-02
5.543399999999999717e-02
5.446800000000000253e-02
7.011100000000000665e-02
6.224899999999999878e-02
5.948400000000000215e-02
5.810699999999999893e-02
6.015299999999999814e-02
6.504999999999999671e-02
6.729899999999999771e-02
6.174500000000000127e-02
6.390999999999999459e-02
6.506800000000000084e-02
7.924299999999999400e-02
7.498599999999999710e-02
9.518100000000000172e-02
1.425099999999999978e-01
1.873259999999999925e-01
4.376999999999999780e-01
3.744549999999999823e-01
3.499180000000000068e-01
4.317509999999999959e-01
4.223469999999999724e-01
3.469659999999999966e-01
3.087570000000000037e-01
2.683780000000000054e-01
2.893899999999999806e-01
2.887709999999999999e-01
2.804519999999999791e-01
2.796290000000000164e-01
3.446620000000000239e-01
3.238809999999999745e-01
3.397569999999999757e-01
3.971350000000000158e-01
4.000290000000000235e-01
4.455669999999999908e-01
6.059980000000000366e-01
6.952620000000000466e-01
6.636159999999999837e-01
7.319719999999999560e-01
7.375669999999999726e-01
6.976250000000000506e-01
5.696870000000000545e-01
5.466509999999999980e-01
5.199749999999999650e-01
5.194609999999999506e-01
5.896900000000000475e-01
5.626759999999999540e-01
5.481449999999999934e-01
5.152210000000000401e-01
5.155990000000000295e-01
6.847349999999999826e-01
4.331920000000000215e-01
4.119749999999999801e-01
3.605169999999999764e-01
3.508629999999999804e-01
3.714850000000000096e-01
3.800100000000000144e-01
3.659200000000000230e-01
3.534630000000000272e-01
3.478789999999999938e-01
3.179190000000000071e-01
3.103239999999999887e-01
3.291629999999999834e-01
3.830790000000000028e-01
4.445899999999999852e-01
4.407630000000000159e-01
4.009820000000000051e-01
3.938860000000000139e-01
3.767980000000000218e-01
3.796780000000000155e-01
3.414349999999999885e-01
3.537620000000000209e-01
3.445289999999999742e-01
3.332229999999999914e-01
3.193320000000000047e-01
3.300259999999999860e-01
3.369269999999999765e-01
3.304949999999999832e-01
3.213929999999999843e-01
3.140109999999999846e-01
3.077520000000000255e-01
2.978029999999999844e-01
2.897270000000000123e-01
2.808889999999999998e-01
2.161220000000000085e-01
2.471099999999999963e-01
2.686899999999999844e-01
2.891449999999999854e-01
2.551269999999999927e-01
2.668909999999999894e-01
2.669819999999999971e-01
2.749400000000000177e-01
2.635379999999999945e-01
2.600919999999999899e-01
2.479969999999999952e-01
2.502139999999999920e-01
2.525669999999999860e-01
2.464189999999999992e-01
2.419099999999999862e-01
2.378510000000000069e-01
2.249299999999999911e-01
2.291390000000000093e-01
2.276809999999999945e-01
2.187449999999999950e-01
2.189649999999999930e-01
2.080619999999999969e-01
2.044829999999999981e-01
2.008399999999999908e-01
1.883219999999999894e-01
2.049370000000000080e-01
1.957879999999999898e-01
1.839500000000000024e-01
1.788949999999999985e-01
2.142100000000000115e-01
1.964039999999999953e-01
1.995309999999999861e-01
2.043689999999999951e-01
2.004509999999999903e-01
2.327670000000000017e-01
2.092930000000000068e-01
2.137459999999999916e-01
2.063550000000000106e-01
2.106429999999999969e-01
2.143450000000000077e-01
2.176109999999999989e-01
2.099590000000000067e-01
2.050770000000000093e-01
2.031100000000000128e-01
2.025129999999999986e-01
2.117559999999999998e-01
2.619900000000000007e-01
2.813789999999999902e-01
2.662649999999999739e-01
2.627909999999999968e-01
2.824820000000000109e-01
2.941420000000000146e-01
2.871879999999999988e-01
2.984559999999999991e-01
3.487219999999999764e-01
3.509530000000000149e-01
3.394619999999999860e-01
3.242269999999999874e-01
3.190180000000000238e-01
3.332229999999999914e-01
3.293559999999999821e-01
3.215410000000000212e-01
3.280939999999999968e-01
3.197570000000000134e-01
2.968149999999999955e-01
2.960019999999999873e-01
2.948450000000000237e-01
2.991699999999999915e-01
2.916630000000000056e-01
2.895590000000000108e-01
2.858189999999999897e-01
2.948890000000000122e-01
3.092269999999999741e-01
3.044939999999999869e-01
3.087309999999999777e-01
3.150089999999999835e-01
3.197510000000000074e-01
3.110299999999999732e-01
2.632900000000000240e-01
2.595580000000000109e-01
2.616220000000000212e-01
2.480179999999999885e-01
2.547940000000000205e-01
2.520310000000000050e-01
2.416780000000000039e-01
2.483219999999999872e-01
2.477330000000000088e-01
2.595350000000000157e-01
2.473279999999999923e-01
2.412849999999999995e-01
2.336060000000000081e-01
2.180940000000000101e-01
2.294229999999999881e-01
2.270949999999999913e-01
2.282669999999999977e-01
2.126039999999999874e-01
2.090680000000000038e-01
2.092809999999999948e-01
2.025790000000000091e-01
2.041439999999999921e-01
2.058059999999999889e-01
2.246070000000000011e-01
2.249549999999999883e-01
2.262280000000000124e-01
2.479240000000000055e-01
2.677869999999999973e-01
2.715090000000000003e-01
2.567389999999999950e-01
2.547639999999999905e-01
2.519660000000000233e-01
2.486629999999999951e-01
2.393810000000000104e-01
2.317180000000000073e-01
2.339430000000000121e-01
2.398800000000000099e-01
2.434689999999999910e-01
2.444469999999999976e-01
2.419729999999999936e-01
2.713940000000000241e-01
2.546109999999999762e-01
2.615549999999999820e-01
2.582610000000000183e-01
2.527719999999999967e-01
2.531399999999999761e-01
2.819349999999999912e-01
2.794719999999999982e-01
2.743169999999999775e-01
2.633170000000000233e-01
3.388430000000000053e-01
3.063119999999999732e-01
2.946469999999999922e-01
2.847069999999999879e-01
2.855509999999999993e-01
2.806859999999999911e-01
2.771040000000000170e-01
2.708650000000000224e-01
2.707890000000000019e-01
2.676970000000000183e-01
2.698490000000000055e-01
2.965320000000000178e-01
2.896679999999999811e-01
2.769889999999999852e-01
2.699650000000000105e-01
2.684369999999999812e-01
2.622510000000000119e-01
2.712570000000000259e-01
2.651700000000000168e-01
2.570939999999999892e-01
2.409060000000000090e-01
2.410909999999999997e-01
2.368319999999999870e-01
2.359529999999999961e-01
2.333500000000000019e-01
2.275310000000000110e-01
2.362009999999999943e-01
2.302450000000000052e-01
2.288100000000000134e-01
2.217590000000000117e-01
2.096129999999999938e-01
2.074719999999999898e-01
2.236920000000000019e-01
2.268900000000000083e-01
2.184959999999999958e-01
2.230109999999999870e-01
2.119910000000000128e-01
2.005619999999999903e-01
1.811329999999999885e-01
1.805269999999999930e-01
1.835390000000000077e-01
1.821679999999999966e-01
1.818899999999999961e-01
1.746099999999999874e-01
1.700800000000000090e-01
1.728989999999999971e-01
1.706149999999999889e-01
2.196319999999999939e-01
1.911440000000000083e-01
1.849329999999999863e-01
1.765589999999999937e-01
1.748740000000000017e-01
1.743780000000000052e-01
1.708330000000000126e-01
1.723399999999999932e-01
1.795849999999999946e-01
1.845219999999999916e-01
1.952899999999999914e-01
1.948759999999999937e-01
1.925459999999999949e-01
1.929230000000000111e-01
1.878849999999999965e-01
1.773389999999999966e-01
1.757710000000000106e-01
1.752940000000000054e-01
1.734229999999999938e-01
1.759890000000000065e-01
1.744060000000000055e-01
1.723389999999999922e-01
1.707470000000000099e-01
1.617059999999999886e-01
1.602949999999999930e-01
1.577250000000000041e-01
1.537419999999999898e-01
1.521349999999999925e-01
1.646209999999999896e-01
1.616519999999999901e-01
1.747920000000000029e-01
2.032319999999999960e-01
1.935999999999999943e-01
1.850930000000000075e-01
1.778720000000000023e-01
1.736509999999999998e-01
