1.084412187337875366e-01
3.141734004020690918e-01
1.747564524412155151e-01
3.153151273727416992e-01
3.751848638057708740e-01
2.310101091861724854e-01
2.310101091861724854e-01
1.235341355204582214e-01
4.132361710071563721e-01
4.094995558261871338e-01
4.794556200504302979e-01
2.659803032875061035e-01
9.651083499193191528e-02
1.987157911062240601e-01
1.165037304162979126e-01
5.597049593925476074e-01
2.707974910736083984e-01
9.072688221931457520e-02
5.662982463836669922e-01
4.263460338115692139e-01
3.914148807525634766e-01
1.287880241870880127e-01
2.650332450866699219e-01
2.437222301959991455e-01
3.596960306167602539e-01
4.248900115489959717e-01
4.248900115489959717e-01
4.248900115489959717e-01
1.932093203067779541e-01
4.092090427875518799e-01
4.789843261241912842e-01
2.300122529268264771e-01
4.022358953952789307e-01
1.211151406168937683e-01
4.071947932243347168e-01
2.431102842092514038e-01
3.871397972106933594e-01
3.008145391941070557e-01
2.623332738876342773e-01
2.504073977470397949e-01
1.253442764282226562e-01
2.347109764814376831e-01
2.641024887561798096e-01
3.417434394359588623e-01
4.418271780014038086e-01
4.418271780014038086e-01
4.237657189369201660e-01
4.064244329929351807e-01
1.005309596657752991e-01
3.392100036144256592e-01
3.392100036144256592e-01
2.895810902118682861e-01
9.770708531141281128e-02
3.097492754459381104e-01
3.549600839614868164e-01
7.797707617282867432e-02
1.658037304878234863e-01
1.044948846101760864e-01
5.524284243583679199e-01
3.453900516033172607e-01
3.301611244678497314e-01
4.485913515090942383e-01
4.485913515090942383e-01
4.485913515090942383e-01
2.132400274276733398e-01
2.170447409152984619e-01
1.920801103115081787e-01
4.345751404762268066e-01
5.992110967636108398e-01
5.085573792457580566e-01
1.443158537149429321e-01
1.427773237228393555e-01
3.939496278762817383e-01
1.619783192873001099e-01
3.551800549030303955e-01
2.699743509292602539e-01
4.919179081916809082e-01
7.232216000556945801e-02
5.131899714469909668e-01
1.782973855733871460e-01
5.419856905937194824e-01
3.261451125144958496e-01
3.261451125144958496e-01
4.623249769210815430e-01
7.197441905736923218e-02
1.063352823257446289e-01
1.064392030239105225e-01
3.890208005905151367e-01
7.115030288696289062e-02
1.883260458707809448e-01
5.443355441093444824e-01
6.635194271802902222e-02
7.168066501617431641e-02
7.803115993738174438e-02
2.399807423353195190e-01
2.701644599437713623e-01
2.076577097177505493e-01
4.412260651588439941e-01
2.755716145038604736e-01
3.881905376911163330e-01
2.973048985004425049e-01
3.456083238124847412e-01
1.567274034023284912e-01
1.498718708753585815e-01
5.473862886428833008e-01
1.389814615249633789e-01
2.147033810615539551e-01
4.421246945858001709e-01
1.770482361316680908e-01
3.728024065494537354e-01
1.036428138613700867e-01
1.036428138613700867e-01
3.695608079433441162e-01
2.199507504701614380e-01
1.623836457729339600e-01
5.492539405822753906e-01
6.124360561370849609e-01
4.577598869800567627e-01
3.906686604022979736e-01
3.667272627353668213e-01
3.845980763435363770e-01
5.829517841339111328e-01
3.687799572944641113e-01
1.889809668064117432e-01
3.730700612068176270e-01
5.421192049980163574e-01
7.213911414146423340e-02
5.069625377655029297e-01
3.357575237751007080e-01
1.968385130167007446e-01
5.481259822845458984e-01
6.380450725555419922e-02
2.679541707038879395e-01
2.679541707038879395e-01
4.263311922550201416e-01
4.263311922550201416e-01
1.386072635650634766e-01
5.135421752929687500e-01
5.135421752929687500e-01
6.422793120145797729e-02
1.824439167976379395e-01
2.040523737668991089e-01
5.053556561470031738e-01
3.559904992580413818e-01
3.559904992580413818e-01
2.258217483758926392e-01
2.258217483758926392e-01
8.301809430122375488e-02
2.248874008655548096e-01
6.443018913269042969e-01
3.757096529006958008e-01
1.898481398820877075e-01
1.955234557390213013e-01
1.323577612638473511e-01
6.100520491600036621e-01
5.401896834373474121e-01
1.799375712871551514e-01
2.337519973516464233e-01
1.991587579250335693e-01
1.991587579250335693e-01
3.784649074077606201e-01
3.199516534805297852e-01
4.781222641468048096e-01
2.848761081695556641e-01
2.833909690380096436e-01
3.220444917678833008e-01
1.014035716652870178e-01
2.749855816364288330e-01
2.726299762725830078e-01
2.934527993202209473e-01
2.520767152309417725e-01
5.954286456108093262e-01
2.273976802825927734e-01
3.908196687698364258e-01
1.055449023842811584e-01
8.770865201950073242e-02
6.376356482505798340e-01
4.307095706462860107e-01
1.446170955896377563e-01
1.413494199514389038e-01
1.883729398250579834e-01
1.615520566701889038e-01
3.322986066341400146e-01
6.158587932586669922e-01
4.387218356132507324e-01
2.979835867881774902e-01
5.263451337814331055e-01
3.789174556732177734e-01
3.839297294616699219e-01
4.276631772518157959e-01
3.387963473796844482e-01
3.385806679725646973e-01
3.385806679725646973e-01
1.253226846456527710e-01
3.471568524837493896e-01
1.515792459249496460e-01
1.438207030296325684e-01
3.848654925823211670e-01
3.753835558891296387e-01
5.387883186340332031e-01
5.097370743751525879e-01
1.814944744110107422e-01
5.312334299087524414e-01
3.676709830760955811e-01
1.899607926607131958e-01
2.188834547996520996e-01
2.349038273096084595e-01
4.814974367618560791e-01
2.465336918830871582e-01
1.951998323202133179e-01
5.336811542510986328e-01
4.312137663364410400e-01
4.312137663364410400e-01
3.853954076766967773e-01
3.456114530563354492e-01
6.246696114540100098e-01
5.953062176704406738e-01
5.953062176704406738e-01
4.371663033962249756e-01
2.972387075424194336e-01
2.972387075424194336e-01
3.136518299579620361e-01
6.017453223466873169e-02
1.222814694046974182e-01
1.222814694046974182e-01
4.529832601547241211e-01
1.342240124940872192e-01
4.146088361740112305e-01
2.678511142730712891e-01
2.909801006317138672e-01
2.534274160861968994e-01
2.834760844707489014e-01
3.851892352104187012e-01
2.154640853404998779e-01
4.550524950027465820e-01
4.114129543304443359e-01
2.814795672893524170e-01
1.191295981407165527e-01
1.483429968357086182e-01
2.493922859430313110e-01
2.630774378776550293e-01
3.301153182983398438e-01
2.884098887443542480e-01
5.077055692672729492e-01
4.598894119262695312e-01
3.185461163520812988e-01
4.605370759963989258e-01
5.641543269157409668e-01
1.068134531378746033e-01
1.941616982221603394e-01
1.961072683334350586e-01
4.636235833168029785e-01
4.717444181442260742e-01
5.644657611846923828e-01
2.644229233264923096e-01
5.565158724784851074e-01
3.558917045593261719e-01
4.533676505088806152e-01
5.091258883476257324e-01
1.302799284458160400e-01
2.298941463232040405e-01
3.508006930351257324e-01
1.534678936004638672e-01
4.771948754787445068e-01
3.786072731018066406e-01
4.051690995693206787e-01
5.659487843513488770e-01
5.900571942329406738e-01
6.035103797912597656e-01
6.031208634376525879e-01
5.312470197677612305e-01
2.526497244834899902e-01
5.789650082588195801e-01
1.719342321157455444e-01
3.637540638446807861e-01
3.644193112850189209e-01
4.744266271591186523e-01
3.431802392005920410e-01
3.716768920421600342e-01
3.716768920421600342e-01
1.973012238740921021e-01
3.711149394512176514e-01
3.395399153232574463e-01
1.332855075597763062e-01
3.652609586715698242e-01
1.793966293334960938e-01
3.704477250576019287e-01
3.704477250576019287e-01
1.186991855502128601e-01
2.367165982723236084e-01
2.384889721870422363e-01
3.686592876911163330e-01
1.114664301276206970e-01
2.141626626253128052e-01
1.117445304989814758e-01
4.440715014934539795e-01
2.346739917993545532e-01
4.615738093852996826e-01
3.217733204364776611e-01
3.818064033985137939e-01
2.316663414239883423e-01
4.325319528579711914e-01
2.662009298801422119e-01
3.836582005023956299e-01
3.152273893356323242e-01
3.576560914516448975e-01
3.849741518497467041e-01
3.849741518497467041e-01
3.948495090007781982e-01
3.704617321491241455e-01
4.664949774742126465e-01
6.133617162704467773e-01
3.610470890998840332e-01
2.313643097877502441e-01
5.209183096885681152e-01
3.577281236648559570e-01
3.577281236648559570e-01
3.410655856132507324e-01
1.703911721706390381e-01
4.233075082302093506e-01
3.761996328830718994e-01
4.262200295925140381e-01
3.969554305076599121e-01
5.319908261299133301e-01
3.034374117851257324e-01
2.559579312801361084e-01
5.418217182159423828e-01
5.418217182159423828e-01
3.684018254280090332e-01
4.989522099494934082e-01
3.767111599445343018e-01
6.114213466644287109e-01
4.767057597637176514e-01
2.538616359233856201e-01
2.538616359233856201e-01
3.909971714019775391e-01
5.388771891593933105e-01
2.019159346818923950e-01
4.734005928039550781e-01
2.904210388660430908e-01
3.035677373409271240e-01
4.453758597373962402e-01
9.091991931200027466e-02
5.674246549606323242e-01
9.343936294317245483e-02
4.105936586856842041e-01
4.354316592216491699e-01
2.372004091739654541e-01
5.422897934913635254e-01
2.482733130455017090e-01
3.830971419811248779e-01
2.462465316057205200e-01
5.637993812561035156e-01
2.332136034965515137e-01
5.918512344360351562e-01
5.037211775779724121e-01
4.355458915233612061e-01
2.564263641834259033e-01
2.684971094131469727e-01
4.318723082542419434e-01
4.107529819011688232e-01
3.391064107418060303e-01
6.242027878761291504e-01
4.505010545253753662e-01
7.908968627452850342e-02
8.720733970403671265e-02
2.389485239982604980e-01
5.125544071197509766e-01
3.474060297012329102e-01
3.474060297012329102e-01
1.792091578245162964e-01
2.874372899532318115e-01
4.114550054073333740e-01
4.114550054073333740e-01
5.171080827713012695e-01
1.703164577484130859e-01
5.460318326950073242e-01
3.014287650585174561e-01
3.256445527076721191e-01
5.214596390724182129e-01
3.547911942005157471e-01
3.547911942005157471e-01
2.590275704860687256e-01
3.930434882640838623e-01
5.641661882400512695e-01
3.665575385093688965e-01
3.724805712699890137e-01
1.842293739318847656e-01
3.561733961105346680e-01
3.469966053962707520e-01
5.408515334129333496e-01
3.990180492401123047e-01
3.608675897121429443e-01
3.647893071174621582e-01
2.776055634021759033e-01
5.147009491920471191e-01
3.889566957950592041e-01
3.889566957950592041e-01
2.157006859779357910e-01
2.504791021347045898e-01
2.734291851520538330e-01
2.734291851520538330e-01
2.307471781969070435e-01
2.267759889364242554e-01
2.949354946613311768e-01
2.579582631587982178e-01
3.272768557071685791e-01
3.614875972270965576e-01
4.633424282073974609e-01
2.104163467884063721e-01
1.430029422044754028e-01
1.430029422044754028e-01
5.718969106674194336e-01
3.731789588928222656e-01
9.261985123157501221e-02
2.437220066785812378e-01
4.619268178939819336e-01
4.857884645462036133e-01
4.759749770164489746e-01
3.721087574958801270e-01
1.388447284698486328e-01
1.388447284698486328e-01
3.712269961833953857e-01
3.712269961833953857e-01
4.258431494235992432e-01
3.665666580200195312e-01
3.665666580200195312e-01
3.665666580200195312e-01
3.665666580200195312e-01
6.455174833536148071e-02
1.702104955911636353e-01
1.938469260931015015e-01
1.581732034683227539e-01
3.447805941104888916e-01
8.205999433994293213e-02
5.245410799980163574e-01
4.783087074756622314e-01
5.096027851104736328e-01
2.731375396251678467e-01
2.696923613548278809e-01
1.033694669604301453e-01
1.005703285336494446e-01
1.831623762845993042e-01
1.045432537794113159e-01
1.518111228942871094e-01
4.332571029663085938e-01
7.072869688272476196e-02
3.121864199638366699e-01
4.778895676136016846e-01
4.763670563697814941e-01
4.763670563697814941e-01
1.402501761913299561e-01
7.486539334058761597e-02
1.829318851232528687e-01
6.666614115238189697e-02
2.469603121280670166e-01
1.129551827907562256e-01
1.583592444658279419e-01
2.751246690750122070e-01
2.302214056253433228e-01
7.629126310348510742e-02
2.801214456558227539e-01
3.691868484020233154e-01
2.465654015541076660e-01
2.753467559814453125e-01
2.607506513595581055e-01
6.358618289232254028e-02
1.865257620811462402e-01
1.800544857978820801e-01
3.821508288383483887e-01
2.257609814405441284e-01
2.381635457277297974e-01
1.698527783155441284e-01
1.562935709953308105e-01
2.997950613498687744e-01
2.917818129062652588e-01
1.882374733686447144e-01
5.026206970214843750e-01
1.218846961855888367e-01
1.823676675558090210e-01
1.905278265476226807e-01
2.256837934255599976e-01
3.675822317600250244e-01
1.982792764902114868e-01
1.388403773307800293e-01
1.388403773307800293e-01
1.429836452007293701e-01
3.608559072017669678e-01
1.897216588258743286e-01
1.223020181059837341e-01
2.400667369365692139e-01
1.951489448547363281e-01
4.256236851215362549e-01
1.275294423103332520e-01
1.849154233932495117e-01
1.486421972513198853e-01
1.556421816349029541e-01
7.573266327381134033e-02
3.543604314327239990e-01
3.095962703227996826e-01
1.930197179317474365e-01
2.274472117424011230e-01
1.801796704530715942e-01
6.610271334648132324e-02
2.420746088027954102e-01
1.063924804329872131e-01
4.439795613288879395e-01
2.019676864147186279e-01
3.832058310508728027e-01
2.913241982460021973e-01
2.913241982460021973e-01
3.251726031303405762e-01
1.973877847194671631e-01
5.231289267539978027e-01
5.231289267539978027e-01
5.231289267539978027e-01
1.742328405380249023e-01
3.376946151256561279e-01
7.594656944274902344e-02
3.685907721519470215e-01
