1.009400000000000074e+44
1.655299999999999924e+44
2.892400000000000179e+44
1.693699999999999951e+44
2.627099999999999855e+44
2.643099999999999933e+44
2.218600000000000106e+44
4.364099999999999947e+43
4.180699999999999614e+44
4.081300000000000182e+44
6.773300000000000144e+44
9.907099999999999848e+43
2.998599999999999921e+44
6.583700000000000454e+43
3.784699999999999875e+43
6.428899999999999625e+44
1.272200000000000039e+44
1.532500000000000042e+44
5.717899999999999649e+44
2.145100000000000097e+44
2.688800000000000025e+44
4.609800000000000117e+43
1.227700000000000072e+44
1.633999999999999989e+44
1.535899999999999999e+44
1.975000000000000154e+44
2.601099999999999928e+44
1.469199999999999904e+44
7.067700000000000222e+43
4.227800000000000050e+44
6.060400000000000069e+44
1.049700000000000002e+44
2.026899999999999901e+44
5.951799999999999880e+43
2.125900000000000083e+44
1.503000000000000048e+44
2.138099999999999964e+44
1.766099999999999945e+44
3.169300000000000124e+44
7.054200000000000306e+43
3.821600000000000044e+43
1.391500000000000053e+44
2.016099999999999967e+44
1.721199999999999936e+44
1.586599999999999898e+45
1.256000000000000060e+45
2.856200000000000182e+44
1.302799999999999930e+45
7.544899999999999681e+43
2.053299999999999870e+44
2.248099999999999902e+44
7.879199999999999844e+43
3.395200000000000019e+43
1.348499999999999943e+44
1.635999999999999999e+44
3.862000000000000081e+43
1.423999999999999962e+44
5.926699999999999550e+43
6.022200000000000260e+44
3.234299999999999943e+44
1.677900000000000092e+44
8.011099999999999779e+44
3.389899999999999865e+44
4.257999999999999819e+44
9.044800000000000298e+43
5.668199999999999933e+43
9.077900000000000468e+43
3.655200000000000189e+44
1.024799999999999971e+45
7.928999999999999867e+44
3.560800000000000088e+43
7.110800000000000441e+43
9.534200000000000627e+44
1.000199999999999911e+44
2.035700000000000022e+44
9.390000000000000900e+43
3.039000000000000156e+44
2.796099999999999981e+43
5.003499999999999913e+44
5.230899999999999965e+43
2.485100000000000079e+45
1.266099999999999901e+44
1.843999999999999817e+44
2.471300000000000111e+44
2.901299999999999915e+43
1.442700000000000023e+44
7.448099999999999925e+43
3.211099999999999910e+44
3.087799999999999977e+43
1.183399999999999926e+44
4.905099999999999991e+44
1.673799999999999914e+43
2.472799999999999970e+43
3.742399999999999838e+43
1.581600000000000092e+44
1.345000000000000075e+44
8.079000000000000395e+43
1.110600000000000049e+45
6.298199999999999616e+44
1.576399999999999948e+44
5.562499999999999946e+43
1.141900000000000072e+44
8.024800000000000311e+43
9.262900000000000869e+43
1.256199999999999962e+45
9.021200000000000619e+43
1.622100000000000040e+44
2.345000000000000163e+44
1.125200000000000021e+44
2.941799999999999963e+44
1.123600000000000053e+44
1.521100000000000046e+44
2.906299999999999940e+44
7.894600000000000255e+43
4.001799999999999847e+43
4.345299999999999876e+44
7.094100000000000192e+44
4.531899999999999650e+44
3.466299999999999878e+44
9.786999999999999950e+44
2.051300000000000058e+44
2.869800000000000011e+44
1.311300000000000041e+44
5.658199999999999884e+43
3.795399999999999897e+44
5.733099999999999643e+44
2.993100000000000142e+43
1.947400000000000060e+44
2.254599999999999884e+44
1.237899999999999943e+44
2.050300000000000153e+44
2.112899999999999921e+43
8.188900000000000224e+43
9.321499999999999231e+43
3.028199999999999827e+44
1.361199999999999975e+44
7.673999999999999920e+43
2.608900000000000144e+44
1.768400000000000085e+44
3.449200000000000182e+43
1.435199999999999937e+44
6.740499999999999510e+43
3.980799999999999943e+44
1.914900000000000151e+44
1.286599999999999951e+44
1.179799999999999949e+44
8.176500000000000124e+43
2.000099999999999989e+43
1.632100000000000089e+44
5.632900000000000128e+44
1.537499999999999967e+44
1.388800000000000069e+44
4.578799999999999867e+44
7.428000000000000115e+43
5.294299999999999618e+44
1.334000000000000002e+45
1.053699999999999982e+45
5.675899999999999643e+44
1.294800000000000010e+44
2.123300000000000011e+44
2.152300000000000052e+44
2.713100000000000074e+44
5.710000000000000115e+44
2.489199999999999891e+44
1.483899999999999945e+44
nan
3.820299999999999810e+43
1.357899999999999930e+44
1.926100000000000126e+44
5.374000000000000073e+44
1.143999999999999993e+44
5.301399999999999860e+44
1.088700000000000092e+44
2.303799999999999845e+44
2.590500000000000213e+43
4.484300000000000450e+43
1.286099999999999895e+46
7.148799999999999436e+44
9.791400000000000803e+43
6.198000000000000101e+43
2.268699999999999863e+44
1.181799999999999958e+44
3.487299999999999881e+44
1.073499999999999939e+45
2.682199999999999934e+44
1.083699999999999969e+44
5.441700000000000074e+44
1.825299999999999954e+44
1.512400000000000034e+44
2.853799999999999933e+44
3.057199999999999868e+44
1.868500000000000084e+44
1.223000000000000079e+44
2.768100000000000043e+43
1.355500000000000076e+44
3.260199999999999861e+43
3.620799999999999883e+43
4.129799999999999773e+44
4.628599999999999693e+44
2.655500000000000033e+44
3.809400000000000163e+44
6.660299999999999696e+43
6.036699999999999885e+44
3.045999999999999893e+44
3.763099999999999810e+44
1.860900000000000087e+44
8.461100000000000175e+43
3.358200000000000038e+44
1.584699999999999919e+44
1.174600000000000003e+44
9.403899999999999472e+44
3.127899999999999983e+44
2.838800000000000158e+44
2.580600000000000076e+44
1.156900000000000046e+44
5.477499999999999633e+44
1.566900000000000129e+45
7.611000000000000506e+44
5.118100000000000131e+44
1.343799999999999950e+44
7.745400000000000206e+43
1.606500000000000004e+44
5.129599999999999989e+42
7.378600000000000133e+43
9.510900000000000881e+43
4.193099999999999713e+44
7.412899999999999834e+43
4.272300000000000017e+44
1.705799999999999921e+44
1.729199999999999974e+44
3.083800000000000056e+44
2.408700000000000145e+44
2.981899999999999870e+44
7.132300000000000198e+43
2.956800000000000135e+44
2.869299999999999860e+44
1.703299999999999958e+44
5.995999999999999916e+43
2.707699999999999909e+43
1.966499999999999965e+44
1.223700000000000052e+44
4.376599999999999661e+44
1.684700000000000007e+44
3.809799999999999808e+44
3.351499999999999837e+44
9.107000000000000223e+43
3.597200000000000106e+44
3.525900000000000127e+44
2.348999999999999886e+43
9.843599999999999689e+43
1.221700000000000043e+44
2.329599999999999950e+44
2.584499999999999986e+44
2.953500000000000089e+44
1.197600000000000015e+44
3.672300000000000281e+44
2.124999999999999890e+44
3.042500000000000025e+44
2.101899999999999967e+44
4.659800000000000359e+43
1.221599999999999933e+44
2.369699999999999857e+44
2.538499999999999961e+44
4.257300000000000242e+44
4.228900000000000065e+44
3.466900000000000139e+44
1.212800000000000009e+45
5.528400000000000266e+44
1.565200000000000091e+45
1.458899999999999844e+45
4.923800000000000250e+44
1.311599999999999973e+44
4.066499999999999833e+44
8.613299999999999545e+43
3.306400000000000005e+44
4.692600000000000002e+44
2.071799999999999910e+44
4.362499999999999682e+44
3.796900000000000350e+44
3.521799999999999998e+44
2.856400000000000005e+44
1.508699999999999947e+44
4.787100000000000014e+44
6.071900000000000174e+43
2.787599999999999989e+44
1.081100000000000095e+44
2.482999999999999841e+44
2.350000000000000088e+44
2.325400000000000207e+43
1.595100000000000008e+44
1.753700000000000044e+44
3.232700000000000173e+45
2.561299999999999755e+43
9.692100000000000293e+43
4.209100000000000187e+43
2.398200000000000144e+44
8.924000000000000030e+43
3.745199999999999634e+44
3.902399999999999722e+44
1.578799999999999999e+44
1.351500000000000057e+44
2.477800000000000093e+44
1.321199999999999980e+44
1.874799999999999848e+44
1.947599999999999883e+44
2.455599999999999966e+44
1.503200000000000069e+44
1.257299999999999977e+44
3.731800000000000025e+44
2.762300000000000035e+44
3.349099999999999984e+44
6.254900000000000169e+44
3.366900000000000051e+44
1.148200000000000033e+44
6.597000000000000152e+44
2.040100000000000083e+44
2.632700000000000041e+44
1.852500000000000007e+44
3.538200000000000018e+43
4.764900000000000283e+44
3.450900000000000061e+44
5.279700000000000280e+44
2.757200000000000000e+44
3.309199999999999900e+44
1.239499999999999911e+44
1.092600000000000002e+44
1.551699999999999977e+45
5.948599999999999746e+44
1.496599999999999977e+44
2.580200000000000034e+44
2.717900000000000176e+44
1.073300000000000037e+45
4.765299999999999929e+44
1.483699999999999925e+44
2.452800000000000071e+44
5.333499999999999729e+44
4.702299999999999921e+44
7.143300000000000351e+43
4.442700000000000288e+44
1.033600000000000013e+44
2.480099999999999837e+44
8.779500000000000766e+44
2.936199999999999876e+43
9.252000000000000033e+44
3.547399999999999885e+43
7.524999999999999891e+44
2.909000000000000121e+44
1.095299999999999985e+44
1.278900000000000003e+45
2.264799999999999953e+44
3.358399999999999861e+44
2.738699999999999960e+44
4.858999999999999857e+44
1.657200000000000022e+44
3.579800000000000081e+44
1.811300000000000085e+45
5.691400000000000362e+44
9.007599999999999999e+43
9.543600000000000613e+44
1.739899999999999997e+44
5.996399999999999759e+44
3.765099999999999622e+44
7.832000000000000685e+44
4.105199999999999793e+44
1.819600000000000056e+43
3.827899999999999807e+43
2.309999999999999895e+44
5.211899999999999774e+44
5.777100000000000252e+44
7.151699999999999837e+44
1.898500000000000032e+44
2.200399999999999998e+44
2.356399999999999961e+44
1.703000000000000026e+44
2.603700000000000000e+44
8.429399999999999952e+43
4.624199999999999632e+44
1.321400000000000000e+44
5.399799999999999782e+44
3.826500000000000256e+44
1.534100000000000010e+44
1.368799999999999972e+44
9.797899999999999993e+43
3.723500000000000054e+44
nan
1.736300000000000019e+44
3.814499999999999801e+44
3.905099999999999804e+43
4.059800000000000028e+44
3.692099999999999763e+44
2.364400000000000000e+44
1.564499999999999999e+44
2.896499999999999912e+44
3.051200000000000037e+44
1.190200000000000039e+44
3.585999999999999735e+44
3.621299999999999935e+44
3.043700000000000149e+44
9.563299999999999194e+43
6.413900000000000048e+43
1.442200000000000070e+44
1.444399999999999903e+44
7.807500000000000417e+44
1.571600000000000043e+44
2.328600000000000044e+44
1.794300000000000101e+44
1.131600000000000092e+44
3.340100000000000040e+44
2.500900000000000017e+44
9.468300000000000219e+43
7.634399999999999569e+43
9.510400000000000334e+43
2.238599999999999807e+44
6.373500000000000010e+44
2.207099999999999951e+43
1.232699999999999997e+44
3.100800000000000040e+44
1.028999999999999971e+45
7.013900000000000378e+44
6.138999999999999717e+44
3.518500000000000052e+43
4.875199999999999758e+43
3.425900000000000039e+44
2.160099999999999872e+44
3.652500000000000007e+44
9.192999999999999649e+44
1.532100000000000080e+45
7.724500000000000709e+44
5.964700000000000329e+44
2.502600000000000194e+43
4.535900000000000066e+43
5.634500000000000295e+44
5.437499999999999836e+43
1.809599999999999809e+44
2.502699999999999907e+43
7.705000000000000367e+44
2.964000000000000090e+44
1.028999999999999971e+45
4.333399999999999927e+44
3.045599999999999852e+44
2.164899999999999975e+44
5.038199999999999854e+43
9.750800000000000349e+43
2.804500000000000160e+43
3.600399999999999646e+44
3.131900000000000002e+44
1.375400000000000064e+44
1.293499999999999974e+44
6.054699999999999774e+44
6.175000000000000287e+44
9.563199999999999876e+44
3.696600000000000330e+44
2.953099999999999948e+43
5.571499999999999891e+43
4.367000000000000050e+43
1.775100000000000088e+44
1.815000000000000172e+44
3.536899999999999883e+44
1.450799999999999973e+44
1.863999999999999914e+44
1.373299999999999945e+44
1.972400000000000082e+44
4.681099999999999699e+44
9.179899999999999971e+44
1.677500000000000051e+44
1.694300000000000013e+44
6.189300000000000287e+43
1.513700000000000070e+44
6.782100000000000068e+43
3.573199999999999990e+44
3.615100000000000282e+44
3.423700000000000009e+44
6.564400000000000331e+43
1.257099999999999956e+44
5.344900000000000319e+44
2.450399999999999822e+44
3.897600000000000015e+44
1.582399999999999897e+45
4.323199999999999858e+43
9.112699999999999725e+43
9.421699999999999142e+43
7.181999999999999320e+44
4.035299999999999761e+44
7.670500000000000051e+43
5.281300000000000050e+43
6.751600000000000366e+43
3.596100000000000091e+44
5.457700000000000152e+44
6.198000000000000101e+43
5.136699999999999687e+43
1.514899999999999996e+44
1.671500000000000022e+44
2.835200000000000180e+44
1.825500000000000173e+44
1.091099999999999945e+44
1.217000000000000050e+44
5.061900000000000236e+43
4.280499999999999978e+43
4.991200000000000319e+44
2.120900000000000158e+44
1.461599999999999907e+44
3.621000000000000003e+44
1.523500000000000098e+44
2.485099999999999861e+43
4.069299999999999728e+44
2.098500000000000109e+43
6.698799999999999833e+44
6.245000000000000032e+44
2.131000000000000117e+44
4.149500000000000334e+44
6.136199999999999822e+44
2.530899999999999964e+44
1.159199999999999988e+44
9.468499999999999646e+44
8.724099999999999567e+44
7.214599999999999339e+44
4.943400000000000306e+43
3.444899999999999834e+44
8.080100000000000212e+43
6.056800000000000091e+44
